                                                                                                                                                                                                                                                                



                        1                         2                         3                         4                         5                         6                         7                         8                         9                        10                        11
                        l                      n_pg                       n_p                       n_g                  Re(freq)                  Im(freq)                     x_ref                         E                    E_norm                    M_star                    R_star
                        0                         7                         7                         0   0.1118174395382437E+004   0.0000000000000000E+000   0.1000000000000000E+001   0.1000000000000000E+001   0.5268270939199546E-005   0.1989000000000000E+034   0.6959894677000000E+011
                        0                         8                         8                         0   0.1263553079412568E+004   0.0000000000000000E+000   0.1000000000000000E+001   0.1000000000000000E+001   0.2260465394769311E-005   0.1989000000000000E+034   0.6959894677000000E+011
                        0                         9                         9                         0   0.1407662012757069E+004   0.0000000000000000E+000   0.1000000000000000E+001   0.1000000000000000E+001   0.9975474413247834E-006   0.1989000000000000E+034   0.6959894677000000E+011
                        0                        10                        10                         0   0.1548565214655466E+004   0.0000000000000000E+000   0.1000000000000000E+001   0.1000000000000000E+001   0.4432011345767006E-006   0.1989000000000000E+034   0.6959894677000000E+011
                        0                        11                        11                         0   0.1686873898605032E+004   0.0000000000000000E+000   0.1000000000000000E+001   0.1000000000000000E+001   0.2108241830095739E-006   0.1989000000000000E+034   0.6959894677000000E+011
                        0                        12                        12                         0   0.1822286279906268E+004   0.0000000000000000E+000   0.1000000000000000E+001   0.1000000000000000E+001   0.1147155515846671E-006   0.1989000000000000E+034   0.6959894677000000E+011
                        0                        13                        13                         0   0.1957533273887420E+004   0.0000000000000000E+000   0.1000000000000000E+001   0.1000000000000000E+001   0.6966592502795176E-007   0.1989000000000000E+034   0.6959894677000000E+011
                        0                        14                        14                         0   0.2093607158814545E+004   0.0000000000000000E+000   0.1000000000000000E+001   0.9999999999999999E+000   0.4529632463754819E-007   0.1989000000000000E+034   0.6959894677000000E+011
                        0                        15                        15                         0   0.2228956740171285E+004   0.0000000000000000E+000   0.1000000000000000E+001   0.1000000000000000E+001   0.3028966383184715E-007   0.1989000000000000E+034   0.6959894677000000E+011
                        0                        16                        16                         0   0.2363627631314456E+004   0.0000000000000000E+000   0.1000000000000000E+001   0.1000000000000000E+001   0.2116247381364109E-007   0.1989000000000000E+034   0.6959894677000000E+011
                        0                        17                        17                         0   0.2497556699239044E+004   0.0000000000000000E+000   0.1000000000000000E+001   0.1000000000000000E+001   0.1610805662954850E-007   0.1989000000000000E+034   0.6959894677000000E+011
                        0                        18                        18                         0   0.2631667173759024E+004   0.0000000000000000E+000   0.1000000000000000E+001   0.1000000000000000E+001   0.1318604795281997E-007   0.1989000000000000E+034   0.6959894677000000E+011
                        0                        19                        19                         0   0.2766989386816299E+004   0.0000000000000000E+000   0.1000000000000000E+001   0.1000000000000000E+001   0.1132476469475321E-007   0.1989000000000000E+034   0.6959894677000000E+011
                        0                        20                        20                         0   0.2902635732645429E+004   0.0000000000000000E+000   0.1000000000000000E+001   0.9999999999999999E+000   0.9963312436806344E-008   0.1989000000000000E+034   0.6959894677000000E+011
                        0                        21                        21                         0   0.3038529521816922E+004   0.0000000000000000E+000   0.1000000000000000E+001   0.1000000000000000E+001   0.8897335784824235E-008   0.1989000000000000E+034   0.6959894677000000E+011
                        0                        22                        22                         0   0.3174667508114892E+004   0.0000000000000000E+000   0.1000000000000000E+001   0.1000000000000000E+001   0.8186011483564834E-008   0.1989000000000000E+034   0.6959894677000000E+011
                        0                        23                        23                         0   0.3310853445719120E+004   0.0000000000000000E+000   0.1000000000000000E+001   0.1000000000000000E+001   0.7730502197324271E-008   0.1989000000000000E+034   0.6959894677000000E+011
                        0                        24                        24                         0   0.3447697958504478E+004   0.0000000000000000E+000   0.1000000000000000E+001   0.1000000000000000E+001   0.7453000763677332E-008   0.1989000000000000E+034   0.6959894677000000E+011
                        0                        25                        25                         0   0.3584869521822670E+004   0.0000000000000000E+000   0.1000000000000000E+001   0.1000000000000000E+001   0.7306700295817748E-008   0.1989000000000000E+034   0.6959894677000000E+011
                        0                        26                        26                         0   0.3722288338802993E+004   0.0000000000000000E+000   0.1000000000000000E+001   0.1000000000000000E+001   0.7210209940985533E-008   0.1989000000000000E+034   0.6959894677000000E+011
                        0                        27                        27                         0   0.3860115360219899E+004   0.0000000000000000E+000   0.1000000000000000E+001   0.9999999999999999E+000   0.7198322740887577E-008   0.1989000000000000E+034   0.6959894677000000E+011
                        0                        28                        28                         0   0.3998015238383256E+004   0.0000000000000000E+000   0.1000000000000000E+001   0.1000000000000000E+001   0.7242685785994252E-008   0.1989000000000000E+034   0.6959894677000000E+011
                        0                        29                        29                         0   0.4136205508820968E+004   0.0000000000000000E+000   0.1000000000000000E+001   0.9999999999999999E+000   0.7317402219765498E-008   0.1989000000000000E+034   0.6959894677000000E+011
                        0                        30                        30                         0   0.4274528422568412E+004   0.0000000000000000E+000   0.1000000000000000E+001   0.9999999999999999E+000   0.7470273186331523E-008   0.1989000000000000E+034   0.6959894677000000E+011
                        0                        31                        31                         0   0.4412939206072410E+004   0.0000000000000000E+000   0.1000000000000000E+001   0.1000000000000000E+001   0.7661678568391384E-008   0.1989000000000000E+034   0.6959894677000000E+011
                        0                        32                        32                         0   0.4551644940151599E+004   0.0000000000000000E+000   0.1000000000000000E+001   0.1000000000000000E+001   0.7897256758032828E-008   0.1989000000000000E+034   0.6959894677000000E+011
                        0                        33                        33                         0   0.4690261248395846E+004   0.0000000000000000E+000   0.1000000000000000E+001   0.9999999999999999E+000   0.8184660483109626E-008   0.1989000000000000E+034   0.6959894677000000E+011
                        0                        34                        34                         0   0.4828981894016643E+004   0.0000000000000000E+000   0.1000000000000000E+001   0.1000000000000000E+001   0.8535299728548054E-008   0.1989000000000000E+034   0.6959894677000000E+011
                        0                        35                        35                         0   0.4967853098905700E+004   0.0000000000000000E+000   0.1000000000000000E+001   0.1000000000000000E+001   0.8991638484213029E-008   0.1989000000000000E+034   0.6959894677000000E+011
                        0                        36                        36                         0   0.5106733894613705E+004   0.0000000000000000E+000   0.1000000000000000E+001   0.1000000000000000E+001   0.9506597284142596E-008   0.1989000000000000E+034   0.6959894677000000E+011
                        0                        37                        37                         0   0.5245727303762046E+004   0.0000000000000000E+000   0.1000000000000000E+001   0.9999999999999998E+000   0.1010782012200795E-007   0.1989000000000000E+034   0.6959894677000000E+011
                        0                        38                        38                         0   0.5384595801982424E+004   0.0000000000000000E+000   0.1000000000000000E+001   0.9999999999999999E+000   0.1085168265729805E-007   0.1989000000000000E+034   0.6959894677000000E+011
                        1                         6                         5                         0   0.1039589649368275E+004   0.0000000000000000E+000   0.1000000000000000E+001   0.9999999999999999E+000   0.8288664199661221E-005   0.1989000000000000E+034   0.6959894677000000E+011
                        1                         7                         6                         0   0.1185649277309683E+004   0.0000000000000000E+000   0.1000000000000000E+001   0.1000000000000000E+001   0.3559936583670142E-005   0.1989000000000000E+034   0.6959894677000000E+011
                        1                         8                         7                         0   0.1329733387625844E+004   0.0000000000000000E+000   0.1000000000000000E+001   0.1000000000000000E+001   0.1558073601354916E-005   0.1989000000000000E+034   0.6959894677000000E+011
                        1                         9                         8                         0   0.1473017076303246E+004   0.0000000000000000E+000   0.1000000000000000E+001   0.1000000000000000E+001   0.6797993341574152E-006   0.1989000000000000E+034   0.6959894677000000E+011
                        1                        10                         9                         0   0.1612780758668340E+004   0.0000000000000000E+000   0.1000000000000000E+001   0.9999999999999998E+000   0.3115862691179300E-006   0.1989000000000000E+034   0.6959894677000000E+011
                        1                        11                        10                         0   0.1749451836610469E+004   0.0000000000000000E+000   0.1000000000000000E+001   0.1000000000000000E+001   0.1559325149969133E-006   0.1989000000000000E+034   0.6959894677000000E+011
                        1                        12                        11                         0   0.1885176082812154E+004   0.0000000000000000E+000   0.1000000000000000E+001   0.1000000000000000E+001   0.8969018759668698E-007   0.1989000000000000E+034   0.6959894677000000E+011
                        1                        13                        12                         0   0.2020753879732259E+004   0.0000000000000000E+000   0.1000000000000000E+001   0.1000000000000000E+001   0.5683484586807844E-007   0.1989000000000000E+034   0.6959894677000000E+011
                        1                        14                        13                         0   0.2156957820192016E+004   0.0000000000000000E+000   0.1000000000000000E+001   0.9999999999999998E+000   0.3720876720113527E-007   0.1989000000000000E+034   0.6959894677000000E+011
                        1                        15                        14                         0   0.2292413453464372E+004   0.0000000000000000E+000   0.1000000000000000E+001   0.9999999999999999E+000   0.2537969565486260E-007   0.1989000000000000E+034   0.6959894677000000E+011
                        1                        16                        15                         0   0.2426562399970179E+004   0.0000000000000000E+000   0.1000000000000000E+001   0.1000000000000000E+001   0.1839525023954143E-007   0.1989000000000000E+034   0.6959894677000000E+011
                        1                        17                        16                         0   0.2560883135272218E+004   0.0000000000000000E+000   0.1000000000000000E+001   0.1000000000000000E+001   0.1448546435670659E-007   0.1989000000000000E+034   0.6959894677000000E+011
                        1                        18                        17                         0   0.2695699251179416E+004   0.0000000000000000E+000   0.1000000000000000E+001   0.9999999999999999E+000   0.1223188951457501E-007   0.1989000000000000E+034   0.6959894677000000E+011
                        1                        19                        18                         0   0.2831320799575843E+004   0.0000000000000000E+000   0.1000000000000000E+001   0.9999999999999998E+000   0.1060705608804226E-007   0.1989000000000000E+034   0.6959894677000000E+011
                        1                        20                        19                         0   0.2967483817091403E+004   0.0000000000000000E+000   0.1000000000000000E+001   0.9999999999999999E+000   0.9399358524336698E-008   0.1989000000000000E+034   0.6959894677000000E+011
                        1                        21                        20                         0   0.3103480172616388E+004   0.0000000000000000E+000   0.1000000000000000E+001   0.1000000000000000E+001   0.8521594698160100E-008   0.1989000000000000E+034   0.6959894677000000E+011
                        1                        22                        21                         0   0.3239831454452949E+004   0.0000000000000000E+000   0.1000000000000000E+001   0.1000000000000000E+001   0.7917467445798313E-008   0.1989000000000000E+034   0.6959894677000000E+011
                        1                        23                        22                         0   0.3376514409604757E+004   0.0000000000000000E+000   0.1000000000000000E+001   0.1000000000000000E+001   0.7581023339832572E-008   0.1989000000000000E+034   0.6959894677000000E+011
                        1                        24                        23                         0   0.3513515838424667E+004   0.0000000000000000E+000   0.1000000000000000E+001   0.1000000000000000E+001   0.7365363859547467E-008   0.1989000000000000E+034   0.6959894677000000E+011
                        1                        25                        24                         0   0.3651063914238358E+004   0.0000000000000000E+000   0.1000000000000000E+001   0.1000000000000000E+001   0.7240642534686952E-008   0.1989000000000000E+034   0.6959894677000000E+011
                        1                        26                        25                         0   0.3788697147025595E+004   0.0000000000000000E+000   0.1000000000000000E+001   0.9999999999999998E+000   0.7199935436891137E-008   0.1989000000000000E+034   0.6959894677000000E+011
                        1                        27                        26                         0   0.3926644647045038E+004   0.0000000000000000E+000   0.1000000000000000E+001   0.1000000000000000E+001   0.7201893445840467E-008   0.1989000000000000E+034   0.6959894677000000E+011
                        1                        28                        27                         0   0.4064867076360081E+004   0.0000000000000000E+000   0.1000000000000000E+001   0.9999999999999999E+000   0.7271792087145274E-008   0.1989000000000000E+034   0.6959894677000000E+011
                        1                        29                        28                         0   0.4203079315232556E+004   0.0000000000000000E+000   0.1000000000000000E+001   0.1000000000000000E+001   0.7381757037693557E-008   0.1989000000000000E+034   0.6959894677000000E+011
                        1                        30                        29                         0   0.4341604415248875E+004   0.0000000000000000E+000   0.1000000000000000E+001   0.1000000000000000E+001   0.7547074121000126E-008   0.1989000000000000E+034   0.6959894677000000E+011
                        1                        31                        30                         0   0.4480212695101456E+004   0.0000000000000000E+000   0.1000000000000000E+001   0.9999999999999998E+000   0.7775388511217876E-008   0.1989000000000000E+034   0.6959894677000000E+011
                        1                        32                        31                         0   0.4618917057618575E+004   0.0000000000000000E+000   0.1000000000000000E+001   0.1000000000000000E+001   0.8019717695254601E-008   0.1989000000000000E+034   0.6959894677000000E+011
                        1                        33                        32                         0   0.4757717382315648E+004   0.0000000000000000E+000   0.1000000000000000E+001   0.1000000000000000E+001   0.8341518315413867E-008   0.1989000000000000E+034   0.6959894677000000E+011
                        1                        34                        33                         0   0.4896472130469893E+004   0.0000000000000000E+000   0.1000000000000000E+001   0.1000000000000000E+001   0.8747551113723344E-008   0.1989000000000000E+034   0.6959894677000000E+011
                        1                        35                        34                         0   0.5035462707388343E+004   0.0000000000000000E+000   0.1000000000000000E+001   0.9999999999999999E+000   0.9224198964100356E-008   0.1989000000000000E+034   0.6959894677000000E+011
                        1                        36                        35                         0   0.5174447674972288E+004   0.0000000000000000E+000   0.1000000000000000E+001   0.9999999999999998E+000   0.9790405442569658E-008   0.1989000000000000E+034   0.6959894677000000E+011
                        1                        37                        36                         0   0.5313377201061369E+004   0.0000000000000000E+000   0.1000000000000000E+001   0.9999999999999998E+000   0.1044271852800873E-007   0.1989000000000000E+034   0.6959894677000000E+011
                        1                        38                        37                         0   0.5452369340981482E+004   0.0000000000000000E+000   0.1000000000000000E+001   0.9999999999999999E+000   0.1126374863790214E-007   0.1989000000000000E+034   0.6959894677000000E+011
                        2                         6                         6                         0   0.1105201067840331E+004   0.0000000000000000E+000   0.1000000000000000E+001   0.1000000000000000E+001   0.5674746265846858E-005   0.1989000000000000E+034   0.6959894677000000E+011
                        2                         7                         7                         0   0.1250771399977842E+004   0.0000000000000000E+000   0.1000000000000000E+001   0.1000000000000000E+001   0.2434099437726394E-005   0.1989000000000000E+034   0.6959894677000000E+011
                        2                         8                         8                         0   0.1394748194248020E+004   0.0000000000000000E+000   0.1000000000000000E+001   0.1000000000000000E+001   0.1075939231657967E-005   0.1989000000000000E+034   0.6959894677000000E+011
                        2                         9                         9                         0   0.1536035405705742E+004   0.0000000000000000E+000   0.1000000000000000E+001   0.9999999999999998E+000   0.4748906454148092E-006   0.1989000000000000E+034   0.6959894677000000E+011
                        2                        10                        10                         0   0.1674730563469984E+004   0.0000000000000000E+000   0.1000000000000000E+001   0.1000000000000000E+001   0.2241751377431230E-006   0.1989000000000000E+034   0.6959894677000000E+011
                        2                        11                        11                         0   0.1810348366333442E+004   0.0000000000000000E+000   0.1000000000000000E+001   0.1000000000000000E+001   0.1202111296921533E-006   0.1989000000000000E+034   0.6959894677000000E+011
                        2                        12                        12                         0   0.1945899144763112E+004   0.0000000000000000E+000   0.1000000000000000E+001   0.1000000000000000E+001   0.7227932377072836E-007   0.1989000000000000E+034   0.6959894677000000E+011
                        2                        13                        13                         0   0.2082159871918919E+004   0.0000000000000000E+000   0.1000000000000000E+001   0.9999999999999999E+000   0.4685480888788328E-007   0.1989000000000000E+034   0.6959894677000000E+011
                        2                        14                        14                         0   0.2217889144863539E+004   0.0000000000000000E+000   0.1000000000000000E+001   0.1000000000000000E+001   0.3116930002722387E-007   0.1989000000000000E+034   0.6959894677000000E+011
                        2                        15                        15                         0   0.2353030117510795E+004   0.0000000000000000E+000   0.1000000000000000E+001   0.1000000000000000E+001   0.2166048877200018E-007   0.1989000000000000E+034   0.6959894677000000E+011
                        2                        16                        16                         0   0.2487242168080741E+004   0.0000000000000000E+000   0.1000000000000000E+001   0.1000000000000000E+001   0.1636746645219999E-007   0.1989000000000000E+034   0.6959894677000000E+011
                        2                        17                        17                         0   0.2621673586126855E+004   0.0000000000000000E+000   0.1000000000000000E+001   0.1000000000000000E+001   0.1331422505897213E-007   0.1989000000000000E+034   0.6959894677000000E+011
                        2                        18                        18                         0   0.2757274117748078E+004   0.0000000000000000E+000   0.1000000000000000E+001   0.1000000000000000E+001   0.1141514339028343E-007   0.1989000000000000E+034   0.6959894677000000E+011
                        2                        19                        19                         0   0.2893200163963370E+004   0.0000000000000000E+000   0.1000000000000000E+001   0.1000000000000000E+001   0.1002199415792601E-007   0.1989000000000000E+034   0.6959894677000000E+011
                        2                        20                        20                         0   0.3029457895421040E+004   0.0000000000000000E+000   0.1000000000000000E+001   0.1000000000000000E+001   0.8934302841183845E-008   0.1989000000000000E+034   0.6959894677000000E+011
                        2                        21                        21                         0   0.3165874774454344E+004   0.0000000000000000E+000   0.1000000000000000E+001   0.9999999999999999E+000   0.8207641968744362E-008   0.1989000000000000E+034   0.6959894677000000E+011
                        2                        22                        22                         0   0.3302348489839216E+004   0.0000000000000000E+000   0.1000000000000000E+001   0.1000000000000000E+001   0.7733075598054185E-008   0.1989000000000000E+034   0.6959894677000000E+011
                        2                        23                        23                         0   0.3439477024721413E+004   0.0000000000000000E+000   0.1000000000000000E+001   0.9999999999999999E+000   0.7450928079187090E-008   0.1989000000000000E+034   0.6959894677000000E+011
                        2                        24                        24                         0   0.3576881890293408E+004   0.0000000000000000E+000   0.1000000000000000E+001   0.1000000000000000E+001   0.7299607498697572E-008   0.1989000000000000E+034   0.6959894677000000E+011
                        2                        25                        25                         0   0.3714574519296300E+004   0.0000000000000000E+000   0.1000000000000000E+001   0.9999999999999999E+000   0.7198388343179466E-008   0.1989000000000000E+034   0.6959894677000000E+011
                        2                        26                        26                         0   0.3852631446168989E+004   0.0000000000000000E+000   0.1000000000000000E+001   0.1000000000000000E+001   0.7186268257300217E-008   0.1989000000000000E+034   0.6959894677000000E+011
                        2                        27                        27                         0   0.3990751635784134E+004   0.0000000000000000E+000   0.1000000000000000E+001   0.9999999999999999E+000   0.7226307379902819E-008   0.1989000000000000E+034   0.6959894677000000E+011
                        2                        28                        28                         0   0.4129178643457013E+004   0.0000000000000000E+000   0.1000000000000000E+001   0.1000000000000000E+001   0.7300429739389550E-008   0.1989000000000000E+034   0.6959894677000000E+011
                        2                        29                        29                         0   0.4267690537744887E+004   0.0000000000000000E+000   0.1000000000000000E+001   0.1000000000000000E+001   0.7451222052338038E-008   0.1989000000000000E+034   0.6959894677000000E+011
                        2                        30                        30                         0   0.4406306268532863E+004   0.0000000000000000E+000   0.1000000000000000E+001   0.1000000000000000E+001   0.7639270254972886E-008   0.1989000000000000E+034   0.6959894677000000E+011
                        2                        31                        31                         0   0.4545200574680264E+004   0.0000000000000000E+000   0.1000000000000000E+001   0.1000000000000000E+001   0.7875887936607910E-008   0.1989000000000000E+034   0.6959894677000000E+011
                        2                        32                        32                         0   0.4683992219197697E+004   0.0000000000000000E+000   0.1000000000000000E+001   0.1000000000000000E+001   0.8159380205546627E-008   0.1989000000000000E+034   0.6959894677000000E+011
                        2                        33                        33                         0   0.4822896390128149E+004   0.0000000000000000E+000   0.1000000000000000E+001   0.9999999999999999E+000   0.8507080425963168E-008   0.1989000000000000E+034   0.6959894677000000E+011
                        2                        34                        34                         0   0.4961916823084873E+004   0.0000000000000000E+000   0.1000000000000000E+001   0.9999999999999999E+000   0.8961272492931637E-008   0.1989000000000000E+034   0.6959894677000000E+011
                        2                        35                        35                         0   0.5100957215151852E+004   0.0000000000000000E+000   0.1000000000000000E+001   0.1000000000000000E+001   0.9472314374056292E-008   0.1989000000000000E+034   0.6959894677000000E+011
                        2                        36                        36                         0   0.5240102231629420E+004   0.0000000000000000E+000   0.1000000000000000E+001   0.1000000000000000E+001   0.1007159850267792E-007   0.1989000000000000E+034   0.6959894677000000E+011
                        2                        37                        37                         0   0.5379104627267079E+004   0.0000000000000000E+000   0.1000000000000000E+001   0.1000000000000000E+001   0.1080852058007554E-007   0.1989000000000000E+034   0.6959894677000000E+011
                        3                         5                         5                         0   0.1015052697829008E+004   0.0000000000000000E+000   0.1000000000000000E+001   0.1000000000000000E+001   0.9517352890240323E-005   0.1989000000000000E+034   0.6959894677000000E+011
                        3                         6                         6                         0   0.1161725752484308E+004   0.0000000000000000E+000   0.1000000000000000E+001   0.1000000000000000E+001   0.4073828321783959E-005   0.1989000000000000E+034   0.6959894677000000E+011
                        3                         7                         7                         0   0.1306837390033433E+004   0.0000000000000000E+000   0.1000000000000000E+001   0.1000000000000000E+001   0.1763079954598648E-005   0.1989000000000000E+034   0.6959894677000000E+011
                        3                         8                         8                         0   0.1451109621839933E+004   0.0000000000000000E+000   0.1000000000000000E+001   0.1000000000000000E+001   0.7704099946153332E-006   0.1989000000000000E+034   0.6959894677000000E+011
                        3                         9                         9                         0   0.1591604107834384E+004   0.0000000000000000E+000   0.1000000000000000E+001   0.1000000000000000E+001   0.3484885341188804E-006   0.1989000000000000E+034   0.6959894677000000E+011
                        3                        10                        10                         0   0.1729284941812020E+004   0.0000000000000000E+000   0.1000000000000000E+001   0.1000000000000000E+001   0.1706015886863451E-006   0.1989000000000000E+034   0.6959894677000000E+011
                        3                        11                        11                         0   0.1865330169684627E+004   0.0000000000000000E+000   0.1000000000000000E+001   0.1000000000000000E+001   0.9642721842512074E-007   0.1989000000000000E+034   0.6959894677000000E+011
                        3                        12                        12                         0   0.2001182974974714E+004   0.0000000000000000E+000   0.1000000000000000E+001   0.9999999999999997E+000   0.6024756540896816E-007   0.1989000000000000E+034   0.6959894677000000E+011
                        3                        13                        13                         0   0.2137944270817750E+004   0.0000000000000000E+000   0.1000000000000000E+001   0.9999999999999999E+000   0.3929010960375350E-007   0.1989000000000000E+034   0.6959894677000000E+011
                        3                        14                        14                         0   0.2273840326691382E+004   0.0000000000000000E+000   0.1000000000000000E+001   0.1000000000000000E+001   0.2661426774735074E-007   0.1989000000000000E+034   0.6959894677000000E+011
                        3                        15                        15                         0   0.2408604515391919E+004   0.0000000000000000E+000   0.1000000000000000E+001   0.1000000000000000E+001   0.1902849763877883E-007   0.1989000000000000E+034   0.6959894677000000E+011
                        3                        16                        16                         0   0.2543354022768989E+004   0.0000000000000000E+000   0.1000000000000000E+001   0.1000000000000000E+001   0.1483728506210770E-007   0.1989000000000000E+034   0.6959894677000000E+011
                        3                        17                        17                         0   0.2678428748108801E+004   0.0000000000000000E+000   0.1000000000000000E+001   0.9999999999999999E+000   0.1242860135076563E-007   0.1989000000000000E+034   0.6959894677000000E+011
                        3                        18                        18                         0   0.2814522676521278E+004   0.0000000000000000E+000   0.1000000000000000E+001   0.9999999999999998E+000   0.1074027717901179E-007   0.1989000000000000E+034   0.6959894677000000E+011
                        3                        19                        19                         0   0.2951087810516327E+004   0.0000000000000000E+000   0.1000000000000000E+001   0.9999999999999999E+000   0.9502097341697451E-008   0.1989000000000000E+034   0.6959894677000000E+011
                        3                        20                        20                         0   0.3087524054555636E+004   0.0000000000000000E+000   0.1000000000000000E+001   0.9999999999999999E+000   0.8575542679849697E-008   0.1989000000000000E+034   0.6959894677000000E+011
                        3                        21                        21                         0   0.3224352862646083E+004   0.0000000000000000E+000   0.1000000000000000E+001   0.1000000000000000E+001   0.7945863786928866E-008   0.1989000000000000E+034   0.6959894677000000E+011
                        3                        22                        22                         0   0.3361379879149984E+004   0.0000000000000000E+000   0.1000000000000000E+001   0.9999999999999998E+000   0.7588074125099107E-008   0.1989000000000000E+034   0.6959894677000000E+011
                        3                        23                        23                         0   0.3498815556415913E+004   0.0000000000000000E+000   0.1000000000000000E+001   0.9999999999999999E+000   0.7356273467841341E-008   0.1989000000000000E+034   0.6959894677000000E+011
                        3                        24                        24                         0   0.3636769177553711E+004   0.0000000000000000E+000   0.1000000000000000E+001   0.1000000000000000E+001   0.7230231725623278E-008   0.1989000000000000E+034   0.6959894677000000E+011
                        3                        25                        25                         0   0.3774777750842814E+004   0.0000000000000000E+000   0.1000000000000000E+001   0.1000000000000000E+001   0.7178445007912788E-008   0.1989000000000000E+034   0.6959894677000000E+011
                        3                        26                        26                         0   0.3913154355007825E+004   0.0000000000000000E+000   0.1000000000000000E+001   0.1000000000000000E+001   0.7176671954048605E-008   0.1989000000000000E+034   0.6959894677000000E+011
                        3                        27                        27                         0   0.4051730509165544E+004   0.0000000000000000E+000   0.1000000000000000E+001   0.9999999999999999E+000   0.7245292927859374E-008   0.1989000000000000E+034   0.6959894677000000E+011
                        3                        28                        28                         0   0.4190327869779981E+004   0.0000000000000000E+000   0.1000000000000000E+001   0.1000000000000000E+001   0.7346609775615453E-008   0.1989000000000000E+034   0.6959894677000000E+011
                        3                        29                        29                         0   0.4329221561368979E+004   0.0000000000000000E+000   0.1000000000000000E+001   0.9999999999999997E+000   0.7511422034969389E-008   0.1989000000000000E+034   0.6959894677000000E+011
                        3                        30                        30                         0   0.4468148086608286E+004   0.0000000000000000E+000   0.1000000000000000E+001   0.1000000000000000E+001   0.7735175014070586E-008   0.1989000000000000E+034   0.6959894677000000E+011
                        3                        31                        31                         0   0.4607217535611018E+004   0.0000000000000000E+000   0.1000000000000000E+001   0.9999999999999999E+000   0.7976443142452895E-008   0.1989000000000000E+034   0.6959894677000000E+011
                        3                        32                        32                         0   0.4746326788050955E+004   0.0000000000000000E+000   0.1000000000000000E+001   0.1000000000000000E+001   0.8294938991036783E-008   0.1989000000000000E+034   0.6959894677000000E+011
                        3                        33                        33                         0   0.4885385425664486E+004   0.0000000000000000E+000   0.1000000000000000E+001   0.9999999999999998E+000   0.8691180804347623E-008   0.1989000000000000E+034   0.6959894677000000E+011
                        3                        34                        34                         0   0.5024682169387253E+004   0.0000000000000000E+000   0.1000000000000000E+001   0.9999999999999999E+000   0.9165771400850392E-008   0.1989000000000000E+034   0.6959894677000000E+011
                        3                        35                        35                         0   0.5163939120072781E+004   0.0000000000000000E+000   0.1000000000000000E+001   0.1000000000000000E+001   0.9725554355653879E-008   0.1989000000000000E+034   0.6959894677000000E+011
                        3                        36                        36                         0   0.5303166300410451E+004   0.0000000000000000E+000   0.1000000000000000E+001   0.1000000000000000E+001   0.1036804621346519E-007   0.1989000000000000E+034   0.6959894677000000E+011
                        3                        37                        37                         0   0.5442416726676224E+004   0.0000000000000000E+000   0.1000000000000000E+001   0.9999999999999999E+000   0.1118000187751041E-007   0.1989000000000000E+034   0.6959894677000000E+011
